
% Table created by stargazer v.5.2.2 by Marek Hlavac, Harvard University. E-mail: hlavac at fas.harvard.edu
% Date and time: Sun, Jun 02, 2019 - 16:11:10
\begin{table}[!htbp] \centering 
  \caption{Correlation Matrix for Controls in Dataset 1} 
  \label{} 
\begin{tabular}{@{\extracolsep{5pt}} ccccccccc} 
\\[-1.8ex]\hline 
\hline \\[-1.8ex] 
 & work & citysize & income & race & gender & children & age & educ \\ 
\hline \\[-1.8ex] 
work & $1$ & $0.067$ & $0.152$ & $$-$0.029$ & $0.005$ & $0.086$ & $0.053$ & $0.043$ \\ 
citysize & $0.067$ & $1$ & $$-$0.039$ & $0.207$ & $0.074$ & $$-$0.050$ & $0.003$ & $0.069$ \\ 
income & $0.152$ & $$-$0.039$ & $1$ & $$-$0.046$ & $$-$0.175$ & $0.014$ & $0.110$ & $0.181$ \\ 
race & $$-$0.029$ & $0.207$ & $$-$0.046$ & $1$ & $0.033$ & $0.119$ & $$-$0.155$ & $$-$0.097$ \\ 
gender & $0.005$ & $0.074$ & $$-$0.175$ & $0.033$ & $1$ & $0.095$ & $0.109$ & $0.127$ \\ 
children & $0.086$ & $$-$0.050$ & $0.014$ & $0.119$ & $0.095$ & $1$ & $0.339$ & $$-$0.128$ \\ 
age & $0.053$ & $0.003$ & $0.110$ & $$-$0.155$ & $0.109$ & $0.339$ & $1$ & $0.032$ \\ 
educ & $0.043$ & $0.069$ & $0.181$ & $$-$0.097$ & $0.127$ & $$-$0.128$ & $0.032$ & $1$ \\ 
\hline \\[-1.8ex] 
\end{tabular} 
\end{table} 
